GMM_VERSION 1
ITERATIONS 60
CONVERGED 1
LOGLIK_INIT -78084.196110
LOGLIK -59264.451380
LOGLIK_PER_POINT -5.926445
DELTA_LOGLIK_LAST 0.000000000000
MONOTONE 1
COMP 0 PI 0.249895 MU -2.999044 -2.983948 -3.021252 SIGMA 1.022658 -0.013477 -0.052319 -0.013477 1.035300 0.015281 -0.052319 0.015281 1.031306
COMP 1 PI 0.249982 MU -2.997697 2.991340 2.991031 SIGMA 0.650476 -0.021974 0.002753 -0.021974 0.661643 -0.003156 0.002753 -0.003156 0.601314
COMP 2 PI 0.250153 MU 3.019708 3.007801 -3.004445 SIGMA 1.487708 -0.000288 0.011078 -0.000288 1.426600 -0.019254 0.011078 -0.019254 1.485053
COMP 3 PI 0.249969 MU 3.022546 -2.979451 3.036560 SIGMA 2.128444 0.019000 0.027389 0.019000 2.240788 0.051187 0.027389 0.051187 2.304809
ASSIGN_COUNTS 2500 2500 2501 2499
ASSIGN_CHECKSUM 1223898
ASSIGN_FIRST_20 0 3 1 2 0 3 1 2 0 3 1 2 0 3 1 2 0 3 1 2
GAMMA_ROW_DEV_MAX 0.000000000000
PI_SUM_DEV 0.000000000000
ASSIGN_MIN_MARGIN 0.176425806929
