SVM_VERSION 1
SWEEPS 1000
CONVERGED 0
ERROR_LAST 19.782045
MAX_ABS_DELTA 3.246166
BETA 1.534149
NS_MARGIN 65
NS_INSIDE 0
W 0.742352 0.806731 0.048922 -0.232132
B 0.071352
OBJECTIVE 1.952006
ALPHA_SUM 2.581096
ALPHA_Y_SUM 0.047792639128
ALPHA_CHECKSUM 126.024432
TRAIN_ACC 0.990000
TEST_ACC 0.990000
TEST_ACC_C1 0.980000
TEST_ACC_C2 1.000000
TEST_CORRECT 49 50 99
PRED 1 1 1 1 1 1 -1 1 1 1 1 1 1 1 1 1 1 1 1 1 1 1 1 1 1 1 1 1 1 1 1 1 1 1 1 1 1 1 1 1 1 1 1 1 1 1 1 1 1 1 -1 -1 -1 -1 -1 -1 -1 -1 -1 -1 -1 -1 -1 -1 -1 -1 -1 -1 -1 -1 -1 -1 -1 -1 -1 -1 -1 -1 -1 -1 -1 -1 -1 -1 -1 -1 -1 -1 -1 -1 -1 -1 -1 -1 -1 -1 -1 -1 -1 -1
ALPHA 0.021140 0.000000 0.027812 0.000000 0.000000 0.000000 0.000000 0.000000 0.000000 0.002114 0.000000 0.010043 0.000000 0.001551 0.000000 0.008732 0.000000 0.000000 0.082501 0.013905 0.058157 0.000000 0.000000 0.000000 0.000000 0.000000 0.000000 0.032295 0.028336 0.019153 0.102486 0.017460 0.000000 0.017247 0.000000 0.000000 0.000000 0.000000 0.000000 0.000000 0.000000 0.000000 0.000000 0.000000 0.000000 0.000000 0.000000 0.000000 0.039452 0.000000 0.000000 0.000000 0.000000 0.000000 0.000000 0.011095 0.000000 0.000000 0.000000 0.000000 0.000000 0.000000 0.085324 0.000000 0.062285 0.049104 0.000000 0.000000 0.040760 0.000000 0.000000 0.106304 0.101742 0.000000 0.032218 0.000000 0.000000 0.101207 0.000000 0.000000 0.000000 0.000000 0.000000 0.037001 0.000000 0.000000 0.000000 0.000000 0.000000 0.019948 0.000000 0.000000 0.000000 0.104583 0.000000 0.000000 0.000000 0.031585 0.000000 0.048904 0.018924 0.007593 0.000000 0.043461 0.022467 0.000000 0.019901 0.000000 0.002730 0.000000 0.000000 0.000000 0.000000 0.006679 0.000000 0.022305 0.130354 0.000000 0.036310 0.000000 0.000000 0.000000 0.000000 0.000000 0.032474 0.000000 0.009413 0.021244 0.000000 0.038655 0.000000 0.042899 0.074152 0.000000 0.000000 0.014121 0.000000 0.000000 0.000000 0.000000 0.000000 0.038723 0.000000 0.031372 0.010489 0.000000 0.000000 0.000000 0.068978 0.042405 0.000000 0.000000 0.000000 0.071682 0.000000 0.000000 0.000000 0.000000 0.000000 0.000000 0.000000 0.066650 0.000000 0.000000 0.039541 0.000000 0.000000 0.074458 0.050696 0.000000 0.000000 0.041447 0.000000 0.000000 0.000000 0.000000 0.000000 0.000000 0.000000 0.000000 0.041402 0.000000 0.000000 0.000000 0.000000 0.000000 0.000000 0.029299 0.000000 0.050154 0.000000 0.000000 0.003827 0.009510 0.000000 0.000000 0.043141 0.009195 0.000000 0.000000
