LIGHTGRAD_VERSION 1
SCALAR_Y 82.000000
SCALAR_DY_DX1 113.000000
SCALAR_D2Y_DX1 108.000000
SCALAR_D3Y_DX1 54.000000
SCALAR_D4Y_DX1 0.000000
SCALAR_DY_DX2 48.000000
SCALAR_D2Y_DX2 16.000000
SCALAR_DY_DX3 2.000000
SCALAR_D2Y_DX3 0.000000
SCALAR_D2Y_DX1DX2 72.000000
TENSOR_B1 4.000000 6.000000 8.000000 10.000000 12.000000 14.000000 16.000000 16.000000 16.000000 16.000000 16.000000 16.000000
TENSOR_B2 5.000000 10.000000 17.000000 26.000000 37.000000 49.000000 64.000000 65.000000 64.000000 61.000000 56.000000 49.000000
TENSOR_B3 2.000000 2.000000 2.000000 2.000000 2.000000 2.000000 2.000000 2.000000 2.000000 2.000000 2.000000 2.000000
TENSOR_C 18.000000 32.000000 50.000000 72.000000 98.000000 126.000000 160.000000 162.000000 160.000000 154.000000 144.000000 130.000000
TENSOR_D 1306.000000
GRAD_A1 8.000000 10.000000 12.000000 14.000000 16.000000 18.000000 20.000000 18.000000 16.000000 14.000000 12.000000 10.000000
GRAD_A2 4.000000 6.000000 8.000000 10.000000 12.000000 14.000000 16.000000 18.000000 20.000000 22.000000 24.000000 26.000000
GRAD_A3 0.000000 0.000000 0.000000 0.000000 0.000000 0.000000 0.000000 0.000000 0.000000 0.000000 0.000000 0.000000
GRAD_A4 653.000000
NEW_A1 0.200000 1.000000 1.800000 2.600000 3.400000 4.200000 5.000000 6.200000 7.400000 8.600000 9.800000 11.000000
NEW_A2 2.600000 3.400000 4.200000 5.000000 5.800000 6.600000 7.400000 6.200000 5.000000 3.800000 2.600000 1.400000
NEW_A3 2.000000 2.000000 2.000000 2.000000 2.000000 1.000000 1.000000 1.000000 1.000000 1.000000 1.000000 1.000000
NEW_A4 -63.300000
STRESS_STEPS 150
STRESS_GRAD_P0 0.282227
STRESS_GRAD_Q0 0.033203
STRESS_LOSS_0 1814.574524
STRESS_LOSS_50 129.941313
STRESS_LOSS_100 22.385156
STRESS_LOSS_FINAL 5.421497
STRESS_P_SUM 120.591658
STRESS_Q_SUM 156.896369
NODE_TYPES 6
